# relative_time, cycles_done, cur_item, corpus_count, pending_total, pending_favs, map_size, saved_crashes, saved_hangs, max_depth, execs_per_sec, total_execs, edges_found
60, 0, 2, 23, 19, 1, 35.75%, 3, 0, 2, 536.27, 31495, 74
65, 0, 22, 24, 18, 1, 35.75%, 3, 0, 2, 513.86, 33969, 74
70, 0, 2, 25, 18, 0, 35.75%, 3, 0, 3, 566.18, 36964, 74
75, 0, 2, 25, 18, 0, 35.75%, 3, 0, 3, 397.71, 38810, 74
80, 0, 5, 25, 18, 0, 35.75%, 3, 0, 3, 467.99, 41222, 74
86, 0, 22, 25, 18, 0, 35.75%, 3, 0, 3, 480.22, 43867, 74
91, 0, 5, 25, 18, 0, 35.75%, 3, 0, 3, 551.86, 46687, 74
96, 1, 5, 25, 18, 0, 35.75%, 3, 0, 3, 598.92, 49723, 74
100, 1, 5, 25, 18, 0, 35.75%, 3, 0, 3, 628.50, 52131, 74
